21
9 5 0
0 0 0 0 0 0 0 0 0 0 0 0 0 0 0 0 0 0 0 0 0
0 1 2 3 4 5 6 7 8 9 10 11 12 13 14 15 16 17 18 19 20
0 2 4 6 8 10 12 14 16 18 20 1 3 5 7 9 11 13 15 17 19
0 3 6 0 0 0 0 0 0 0 0 0 0 0 0 0 0 0 0 15 18
0 4 8 0 0 0 0 0 0 0 0 0 0 0 0 0 0 0 0 13 17
0 5 10 0 0 0 0 0 0 0 0 0 0 0 0 0 0 0 0 11 16
0 6 12 0 0 0 0 0 0 0 0 0 0 0 0 0 0 0 0 9 15
0 7 14 0 0 0 0 0 0 0 0 0 0 0 0 0 0 0 0 7 14
0 8 16 0 0 0 0 0 0 0 0 0 0 0 0 0 0 0 0 5 13
0 9 18 0 0 0 0 0 0 0 0 0 0 0 0 0 0 0 0 3 12
0 10 20 0 0 0 0 0 0 0 0 0 0 0 0 0 0 0 0 1 11
0 11 1 0 0 0 0 0 0 0 0 0 0 0 0 0 0 0 0 20 10
0 12 3 0 0 0 0 0 0 0 0 0 0 0 0 0 0 0 0 18 9
0 13 5 0 0 0 0 0 0 0 0 0 0 0 0 0 0 0 0 16 8
0 14 7 0 0 0 0 0 0 0 0 0 0 0 0 0 0 0 0 14 7
0 15 9 0 0 0 0 0 0 0 0 0 0 0 0 0 0 0 0 12 6
0 16 11 0 0 0 0 0 0 0 0 0 0 0 0 0 0 0 0 10 5
0 17 13 0 0 0 0 0 0 0 0 0 0 0 0 0 0 0 0 8 4
0 18 15 0 0 0 0 0 0 0 0 0 0 0 0 0 0 0 0 6 3
0 19 17 15 13 11 9 7 5 3 1 20 18 16 14 12 10 8 6 4 2
0 20 19 18 17 16 15 14 13 12 11 10 9 8 7 6 5 4 3 2 1
